【PG】11.5　使用嵌套循环　　 111

【PG】看到这些循环是如何一个套一个的了吗？ 这正是嵌套循环， 即一个循环放在另一个循环中。

【PG】外循环（热狗循环）运行两次。

【PG】对热狗循环的每一次迭代 ，小面包循环运行两次 ，所以它会运行 2 × 2 = 4 次。

【PG】对小面包循环的每一次迭代， 番茄酱循环运行两次， 所以它会运行 2 × 2 × 2 = 8 次。

【PG】依此类推。

【PG】最内层循环（嵌套最深的循环，也就是洋葱循环）会运行 2 × 2 × 2 × 2 × 2 = 32次。这就涵盖了所有可能的组合。因此共有 32种可能的组合。

【PG】如果运行代码清单 11-6中的程序 ，会得到下面的结果：

【PG】>>> =========================== RESTART ===========================
>>>         Dog     Bun     Ketchup Mustard Onions
# 1      0       0       0        0        0
# 2      0       0       0        0        1
# 3      0       0       0        1        0
# 4      0       0       0        1        1
# 5      0       0       1        0        0
# 6      0       0       1        0        1
# 7      0       0       1        1        0
# 8      0       0       1        1        1
# 9      0       1       0        0        0
# 10     0       1       0        0        1
# 11     0       1       0        1        0
# 12     0       1       0        1        1
# 13     0       1       1        0        0
# 14     0       1       1        0        1
# 15     0       1       1        1        0
# 16     0       1       1        1        1
# 17     1       0       0        0        0
# 18     1       0       0        0        1
# 19     1       0       0        1        0
# 20     1       0       0        1        1
# 21     1       0       1        0        0
# 22     1       0       1        0        1
# 23     1       0       1        1        0
# 24     1       0       1        1        1
# 25     1       1       0        0        0
# 26     1       1       0        0        1
# 27     1       1       0        1        0
# 28     1       1       0        1        1
# 29     1       1       1        0        0
# 30     1       1       1        0        1
# 31     1       1       1        1        0
# 32     1       1       1        1        1

【PG】图灵社区会员 FreeLink 专享 尊重版权